(kicad_pcb (version 20171130) (host pcbnew 5.0.0+dfsg1-2)

  (general
    (thickness 1.6)
    (drawings 5)
    (tracks 1291)
    (zones 0)
    (modules 78)
    (nets 114)
  )

  (page A4)
  (layers
    (0 F.Cu signal)
    (1 In1.Cu power)
    (2 In2.Cu power)
    (31 B.Cu signal)
    (32 B.Adhes user)
    (33 F.Adhes user)
    (34 B.Paste user)
    (35 F.Paste user)
    (36 B.SilkS user)
    (37 F.SilkS user)
    (38 B.Mask user)
    (39 F.Mask user)
    (40 Dwgs.User user)
    (41 Cmts.User user)
    (42 Eco1.User user)
    (43 Eco2.User user)
    (44 Edge.Cuts user)
    (45 Margin user)
    (46 B.CrtYd user)
    (47 F.CrtYd user)
    (48 B.Fab user)
    (49 F.Fab user)
  )

  (setup
    (last_trace_width 0.1524)
    (user_trace_width 0.1524)
    (user_trace_width 0.3048)
    (user_trace_width 0.6096)
    (user_trace_width 1.2192)
    (trace_clearance 0.15)
    (zone_clearance 0.508)
    (zone_45_only no)
    (trace_min 0.1016)
    (segment_width 0.2)
    (edge_width 0.15)
    (via_size 0.8)
    (via_drill 0.4)
    (via_min_size 0.45)
    (via_min_drill 0.2)
    (user_via 0.45 0.2)
    (user_via 0.75 0.5)
    (user_via 1.2 0.6096)
    (user_via 2.2 1.2)
    (uvia_size 0.3)
    (uvia_drill 0.1)
    (uvias_allowed no)
    (uvia_min_size 0.2)
    (uvia_min_drill 0.1)
    (pcb_text_width 0.3)
    (pcb_text_size 1.5 1.5)
    (mod_edge_width 0.15)
    (mod_text_size 1 1)
    (mod_text_width 0.15)
    (pad_size 1.524 1.524)
    (pad_drill 0.762)
    (pad_to_mask_clearance 0.2)
    (aux_axis_origin 0 0)
    (visible_elements FFFFFF7F)
    (pcbplotparams
      (layerselection 0x010f0_ffffffff)
      (usegerberextensions false)
      (usegerberattributes false)
      (usegerberadvancedattributes false)
      (creategerberjobfile false)
      (excludeedgelayer true)
      (linewidth 0.100000)
      (plotframeref false)
      (viasonmask false)
      (mode 1)
      (useauxorigin false)
      (hpglpennumber 1)
      (hpglpenspeed 20)
      (hpglpendiameter 15.000000)
      (psnegative false)
      (psa4output false)
      (plotreference true)
      (plotvalue true)
      (plotinvisibletext false)
      (padsonsilk false)
      (subtractmaskfromsilk false)
      (outputformat 1)
      (mirror false)
      (drillshape 0)
      (scaleselection 1)
      (outputdirectory "newgerbers/"))
  )

  (net 0 "")
  (net 1 +1V2)
  (net 2 +3V3)
  (net 3 +1V8)
  (net 4 "Net-(C1-Pad2)")
  (net 5 GND)
  (net 6 "Net-(R3-Pad1)")
  (net 7 +3.3VA)
  (net 8 VCC)
  (net 9 "Net-(C6-Pad2)")
  (net 10 "Net-(C5-Pad2)")
  (net 11 "Net-(C8-Pad2)")
  (net 12 "Net-(C14-Pad2)")
  (net 13 "Net-(C11-Pad2)")
  (net 14 "Net-(L3-Pad1)")
  (net 15 "Net-(L1-Pad1)")
  (net 16 "Net-(L2-Pad1)")
  (net 17 /spi_miso)
  (net 18 /spi_clk)
  (net 19 /~spi_cs)
  (net 20 /spi_mosi)
  (net 21 "Net-(C18-Pad2)")
  (net 22 "Net-(C17-Pad2)")
  (net 23 "Net-(R12-Pad1)")
  (net 24 "Net-(C20-Pad1)")
  (net 25 "Net-(C21-Pad1)")
  (net 26 "Net-(R11-Pad1)")
  (net 27 /console/tx)
  (net 28 "Net-(C23-Pad2)")
  (net 29 /console/rx)
  (net 30 +5V)
  (net 31 "Net-(J3-Pad6)")
  (net 32 /pg4)
  (net 33 /pg3)
  (net 34 /pg2)
  (net 35 /pg1)
  (net 36 /pg0)
  (net 37 /pg5)
  (net 38 /pf6)
  (net 39 /pf5)
  (net 40 /pf4)
  (net 41 /pf3)
  (net 42 /pf2)
  (net 43 /pf1)
  (net 44 /pf0)
  (net 45 "Net-(C24-Pad1)")
  (net 46 /vcc-rtc)
  (net 47 /~reset)
  (net 48 /pe24)
  (net 49 /pe23)
  (net 50 /pe22)
  (net 51 /pe21)
  (net 52 /pe20)
  (net 53 /pe19)
  (net 54 /pe18)
  (net 55 /pe17)
  (net 56 /pe16)
  (net 57 /pe15)
  (net 58 /pe14)
  (net 59 /pe13)
  (net 60 /pe12)
  (net 61 /pe11)
  (net 62 /pe10)
  (net 63 /pe9)
  (net 64 /pe8)
  (net 65 /pe7)
  (net 66 /pe6)
  (net 67 /pe5)
  (net 68 /pe4)
  (net 69 /pe3)
  (net 70 /pe2)
  (net 71 /pe1)
  (net 72 /pe0)
  (net 73 /pb0)
  (net 74 /pb1)
  (net 75 /pb2)
  (net 76 /pb3)
  (net 77 /pb4)
  (net 78 /pb5)
  (net 79 /pb6)
  (net 80 /pb7)
  (net 81 /ephy_link_led)
  (net 82 /ephy_spd_led)
  (net 83 /ephy_rtx)
  (net 84 /usb-)
  (net 85 /usb+)
  (net 86 /csi-d0+)
  (net 87 /csi-d0-)
  (net 88 /csi-d1+)
  (net 89 /csi-d1-)
  (net 90 /csi-ck+)
  (net 91 /csi-ck-)
  (net 92 /ephy_rx-)
  (net 93 /ephy_rx+)
  (net 94 /ephy_tx-)
  (net 95 /ephy_tx+)
  (net 96 "Net-(U1-Pad112)")
  (net 97 "Net-(U1-Pad113)")
  (net 98 "Net-(U1-Pad114)")
  (net 99 "Net-(U1-Pad115)")
  (net 100 "Net-(U1-Pad116)")
  (net 101 "Net-(U1-Pad117)")
  (net 102 "Net-(U1-Pad118)")
  (net 103 "Net-(U1-Pad119)")
  (net 104 "Net-(U1-Pad120)")
  (net 105 "Net-(U1-Pad121)")
  (net 106 "Net-(U1-Pad122)")
  (net 107 "Net-(U1-Pad123)")
  (net 108 "Net-(U1-Pad124)")
  (net 109 "Net-(U1-Pad125)")
  (net 110 "Net-(J3-Pad4)")
  (net 111 "Net-(J1-Pad19)")
  (net 112 "Net-(J6-Pad14)")
  (net 113 "Net-(J6-Pad15)")

  (net_class Default "This is the default net class."
    (clearance 0.15)
    (trace_width 0.25)
    (via_dia 0.8)
    (via_drill 0.4)
    (uvia_dia 0.3)
    (uvia_drill 0.1)
    (add_net +1V2)
    (add_net +1V8)
    (add_net +3.3VA)
    (add_net +3V3)
    (add_net +5V)
    (add_net /console/rx)
    (add_net /console/tx)
    (add_net /ephy_link_led)
    (add_net /ephy_spd_led)
    (add_net /pb0)
    (add_net /pb1)
    (add_net /pb2)
    (add_net /pb3)
    (add_net /pb4)
    (add_net /pb5)
    (add_net /pb6)
    (add_net /pb7)
    (add_net /pe0)
    (add_net /pe1)
    (add_net /pe10)
    (add_net /pe11)
    (add_net /pe12)
    (add_net /pe13)
    (add_net /pe14)
    (add_net /pe15)
    (add_net /pe16)
    (add_net /pe17)
    (add_net /pe18)
    (add_net /pe19)
    (add_net /pe2)
    (add_net /pe20)
    (add_net /pe21)
    (add_net /pe22)
    (add_net /pe23)
    (add_net /pe24)
    (add_net /pe3)
    (add_net /pe4)
    (add_net /pe5)
    (add_net /pe6)
    (add_net /pe7)
    (add_net /pe8)
    (add_net /pe9)
    (add_net /pf0)
    (add_net /pf1)
    (add_net /pf2)
    (add_net /pf3)
    (add_net /pf4)
    (add_net /pf5)
    (add_net /pf6)
    (add_net /pg0)
    (add_net /pg1)
    (add_net /pg2)
    (add_net /pg3)
    (add_net /pg4)
    (add_net /pg5)
    (add_net /spi_clk)
    (add_net /spi_miso)
    (add_net /spi_mosi)
    (add_net /vcc-rtc)
    (add_net /~reset)
    (add_net /~spi_cs)
    (add_net GND)
    (add_net "Net-(C1-Pad2)")
    (add_net "Net-(C11-Pad2)")
    (add_net "Net-(C14-Pad2)")
    (add_net "Net-(C17-Pad2)")
    (add_net "Net-(C18-Pad2)")
    (add_net "Net-(C20-Pad1)")
    (add_net "Net-(C21-Pad1)")
    (add_net "Net-(C23-Pad2)")
    (add_net "Net-(C24-Pad1)")
    (add_net "Net-(C5-Pad2)")
    (add_net "Net-(C6-Pad2)")
    (add_net "Net-(C8-Pad2)")
    (add_net "Net-(J1-Pad19)")
    (add_net "Net-(J3-Pad4)")
    (add_net "Net-(J3-Pad6)")
    (add_net "Net-(J6-Pad14)")
    (add_net "Net-(J6-Pad15)")
    (add_net "Net-(L1-Pad1)")
    (add_net "Net-(L2-Pad1)")
    (add_net "Net-(L3-Pad1)")
    (add_net "Net-(R11-Pad1)")
    (add_net "Net-(R12-Pad1)")
    (add_net "Net-(R3-Pad1)")
    (add_net "Net-(U1-Pad112)")
    (add_net "Net-(U1-Pad113)")
    (add_net "Net-(U1-Pad114)")
    (add_net "Net-(U1-Pad115)")
    (add_net "Net-(U1-Pad116)")
    (add_net "Net-(U1-Pad117)")
    (add_net "Net-(U1-Pad118)")
    (add_net "Net-(U1-Pad119)")
    (add_net "Net-(U1-Pad120)")
    (add_net "Net-(U1-Pad121)")
    (add_net "Net-(U1-Pad122)")
    (add_net "Net-(U1-Pad123)")
    (add_net "Net-(U1-Pad124)")
    (add_net "Net-(U1-Pad125)")
    (add_net VCC)
  )

  (net_class csi ""
    (clearance 0.15)
    (trace_width 0.1524)
    (via_dia 0.45)
    (via_drill 0.2)
    (uvia_dia 0.3)
    (uvia_drill 0.1)
    (diff_pair_gap 0.1524)
    (diff_pair_width 0.19)
    (add_net /csi-ck+)
    (add_net /csi-ck-)
    (add_net /csi-d0+)
    (add_net /csi-d0-)
    (add_net /csi-d1+)
    (add_net /csi-d1-)
  )

  (net_class ethernet ""
    (clearance 0.15)
    (trace_width 0.1524)
    (via_dia 0.45)
    (via_drill 0.2)
    (uvia_dia 0.3)
    (uvia_drill 0.1)
    (diff_pair_gap 0.1524)
    (diff_pair_width 0.1524)
    (add_net /ephy_rtx)
    (add_net /ephy_rx+)
    (add_net /ephy_rx-)
    (add_net /ephy_tx+)
    (add_net /ephy_tx-)
  )

  (net_class usb ""
    (clearance 0.15)
    (trace_width 0.1524)
    (via_dia 0.45)
    (via_drill 0.2)
    (uvia_dia 0.3)
    (uvia_drill 0.1)
    (diff_pair_gap 0.1524)
    (diff_pair_width 0.1524)
    (add_net /usb+)
    (add_net /usb-)
  )

  (module lqfpep:LQFP-128_14x14mm_P0.4mm (layer F.Cu) (tedit 5B8FB9D6) (tstamp 5B9ECB94)
    (at 147.747 127.035)
    (descr " ")
    (tags "QFP 0.4")
    (path /5B8EB9C9)
    (attr smd)
    (fp_text reference U1 (at -9.647 -5.335) (layer F.SilkS)
      (effects (font (size 1 1) (thickness 0.15)))
    )
    (fp_text value vs3 (at -2.3 10.1) (layer F.Fab) hide
      (effects (font (size 1 1) (thickness 0.15)))
    )
    (fp_text user %R (at 0 0) (layer F.Fab)
      (effects (font (size 1 1) (thickness 0.15)))
    )
    (fp_line (start -6 -7) (end 7 -7) (layer F.Fab) (width 0.15))
    (fp_line (start 7 -7) (end 7 7) (layer F.Fab) (width 0.15))
    (fp_line (start 7 7) (end -7 7) (layer F.Fab) (width 0.15))
    (fp_line (start -7 7) (end -7 -6) (layer F.Fab) (width 0.15))
    (fp_line (start -7 -6) (end -6 -7) (layer F.Fab) (width 0.15))
    (fp_line (start -8.45 -8.45) (end -8.45 8.45) (layer F.CrtYd) (width 0.05))
    (fp_line (start 8.45 -8.45) (end 8.45 8.45) (layer F.CrtYd) (width 0.05))
    (fp_line (start -8.45 -8.45) (end 8.45 -8.45) (layer F.CrtYd) (width 0.05))
    (fp_line (start -8.45 8.45) (end 8.45 8.45) (layer F.CrtYd) (width 0.05))
    (fp_line (start -7.125 -7.125) (end -7.125 -6.6) (layer F.SilkS) (width 0.15))
    (fp_line (start 7.125 -7.125) (end 7.125 -6.525) (layer F.SilkS) (width 0.15))
    (fp_line (start 7.125 7.125) (end 7.125 6.525) (layer F.SilkS) (width 0.15))
    (fp_line (start -7.125 7.125) (end -7.125 6.525) (layer F.SilkS) (width 0.15))
    (fp_line (start -7.125 -7.125) (end -6.525 -7.125) (layer F.SilkS) (width 0.15))
    (fp_line (start -7.125 7.125) (end -6.525 7.125) (layer F.SilkS) (width 0.15))
    (fp_line (start 7.125 7.125) (end 6.525 7.125) (layer F.SilkS) (width 0.15))
    (fp_line (start 7.125 -7.125) (end 6.525 -7.125) (layer F.SilkS) (width 0.15))
    (fp_line (start -7.125 -6.6) (end -8.2 -6.6) (layer F.SilkS) (width 0.15))
    (pad 1 smd rect (at -7.7 -6.2) (size 1 0.2) (layers F.Cu F.Paste F.Mask)
      (net 32 /pg4))
    (pad 2 smd rect (at -7.7 -5.8) (size 1 0.2) (layers F.Cu F.Paste F.Mask)
      (net 33 /pg3))
    (pad 3 smd rect (at -7.7 -5.4) (size 1 0.2) (layers F.Cu F.Paste F.Mask)
      (net 34 /pg2))
    (pad 4 smd rect (at -7.7 -5) (size 1 0.2) (layers F.Cu F.Paste F.Mask)
      (net 35 /pg1))
    (pad 5 smd rect (at -7.7 -4.6) (size 1 0.2) (layers F.Cu F.Paste F.Mask)
      (net 36 /pg0))
    (pad 6 smd rect (at -7.7 -4.2) (size 1 0.2) (layers F.Cu F.Paste F.Mask)
      (net 48 /pe24))
    (pad 7 smd rect (at -7.7 -3.8) (size 1 0.2) (layers F.Cu F.Paste F.Mask)
      (net 49 /pe23))
    (pad 8 smd rect (at -7.7 -3.4) (size 1 0.2) (layers F.Cu F.Paste F.Mask)
      (net 50 /pe22))
    (pad 9 smd rect (at -7.7 -3) (size 1 0.2) (layers F.Cu F.Paste F.Mask)
      (net 51 /pe21))
    (pad 10 smd rect (at -7.7 -2.6) (size 1 0.2) (layers F.Cu F.Paste F.Mask)
      (net 52 /pe20))
    (pad 11 smd rect (at -7.7 -2.2) (size 1 0.2) (layers F.Cu F.Paste F.Mask)
      (net 53 /pe19))
    (pad 12 smd rect (at -7.7 -1.8) (size 1 0.2) (layers F.Cu F.Paste F.Mask)
      (net 2 +3V3))
    (pad 13 smd rect (at -7.7 -1.4) (size 1 0.2) (layers F.Cu F.Paste F.Mask)
      (net 54 /pe18))
    (pad 14 smd rect (at -7.7 -1) (size 1 0.2) (layers F.Cu F.Paste F.Mask)
      (net 55 /pe17))
    (pad 15 smd rect (at -7.7 -0.6) (size 1 0.2) (layers F.Cu F.Paste F.Mask)
      (net 56 /pe16))
    (pad 16 smd rect (at -7.7 -0.2) (size 1 0.2) (layers F.Cu F.Paste F.Mask)
      (net 57 /pe15))
    (pad 17 smd rect (at -7.7 0.2) (size 1 0.2) (layers F.Cu F.Paste F.Mask)
      (net 58 /pe14))
    (pad 18 smd rect (at -7.7 0.6) (size 1 0.2) (layers F.Cu F.Paste F.Mask)
      (net 59 /pe13))
    (pad 19 smd rect (at -7.7 1) (size 1 0.2) (layers F.Cu F.Paste F.Mask)
      (net 1 +1V2))
    (pad 20 smd rect (at -7.7 1.4) (size 1 0.2) (layers F.Cu F.Paste F.Mask)
      (net 1 +1V2))
    (pad 21 smd rect (at -7.7 1.8) (size 1 0.2) (layers F.Cu F.Paste F.Mask)
      (net 1 +1V2))
    (pad 22 smd rect (at -7.7 2.2) (size 1 0.2) (layers F.Cu F.Paste F.Mask)
      (net 60 /pe12))
    (pad 23 smd rect (at -7.7 2.6) (size 1 0.2) (layers F.Cu F.Paste F.Mask)
      (net 61 /pe11))
    (pad 24 smd rect (at -7.7 3) (size 1 0.2) (layers F.Cu F.Paste F.Mask)
      (net 62 /pe10))
    (pad 25 smd rect (at -7.7 3.4) (size 1 0.2) (layers F.Cu F.Paste F.Mask)
      (net 1 +1V2))
    (pad 26 smd rect (at -7.7 3.8) (size 1 0.2) (layers F.Cu F.Paste F.Mask)
      (net 1 +1V2))
    (pad 27 smd rect (at -7.7 4.2) (size 1 0.2) (layers F.Cu F.Paste F.Mask)
      (net 63 /pe9))
    (pad 28 smd rect (at -7.7 4.6) (size 1 0.2) (layers F.Cu F.Paste F.Mask)
      (net 64 /pe8))
    (pad 29 smd rect (at -7.7 5) (size 1 0.2) (layers F.Cu F.Paste F.Mask)
      (net 2 +3V3))
    (pad 30 smd rect (at -7.7 5.4) (size 1 0.2) (layers F.Cu F.Paste F.Mask)
      (net 65 /pe7))
    (pad 31 smd rect (at -7.7 5.8) (size 1 0.2) (layers F.Cu F.Paste F.Mask)
      (net 66 /pe6))
    (pad 32 smd rect (at -7.7 6.2) (size 1 0.2) (layers F.Cu F.Paste F.Mask)
      (net 67 /pe5))
    (pad 33 smd rect (at -6.2 7.7 90) (size 1 0.2) (layers F.Cu F.Paste F.Mask)
      (net 68 /pe4))
    (pad 34 smd rect (at -5.8 7.7 90) (size 1 0.2) (layers F.Cu F.Paste F.Mask)
      (net 69 /pe3))
    (pad 35 smd rect (at -5.4 7.7 90) (size 1 0.2) (layers F.Cu F.Paste F.Mask)
      (net 70 /pe2))
    (pad 36 smd rect (at -5 7.7 90) (size 1 0.2) (layers F.Cu F.Paste F.Mask)
      (net 71 /pe1))
    (pad 37 smd rect (at -4.6 7.7 90) (size 1 0.2) (layers F.Cu F.Paste F.Mask)
      (net 72 /pe0))
    (pad 38 smd rect (at -4.2 7.7 90) (size 1 0.2) (layers F.Cu F.Paste F.Mask)
      (net 1 +1V2))
    (pad 39 smd rect (at -3.8 7.7 90) (size 1 0.2) (layers F.Cu F.Paste F.Mask)
      (net 73 /pb0))
    (pad 40 smd rect (at -3.4 7.7 90) (size 1 0.2) (layers F.Cu F.Paste F.Mask)
      (net 74 /pb1))
    (pad 41 smd rect (at -3 7.7 90) (size 1 0.2) (layers F.Cu F.Paste F.Mask)
      (net 75 /pb2))
    (pad 42 smd rect (at -2.6 7.7 90) (size 1 0.2) (layers F.Cu F.Paste F.Mask)
      (net 76 /pb3))
    (pad 43 smd rect (at -2.2 7.7 90) (size 1 0.2) (layers F.Cu F.Paste F.Mask)
      (net 77 /pb4))
    (pad 44 smd rect (at -1.8 7.7 90) (size 1 0.2) (layers F.Cu F.Paste F.Mask)
      (net 78 /pb5))
    (pad 45 smd rect (at -1.4 7.7 90) (size 1 0.2) (layers F.Cu F.Paste F.Mask)
      (net 79 /pb6))
    (pad 46 smd rect (at -1 7.7 90) (size 1 0.2) (layers F.Cu F.Paste F.Mask)
      (net 80 /pb7))
    (pad 47 smd rect (at -0.6 7.7 90) (size 1 0.2) (layers F.Cu F.Paste F.Mask)
      (net 1 +1V2))
    (pad 48 smd rect (at -0.2 7.7 90) (size 1 0.2) (layers F.Cu F.Paste F.Mask)
      (net 29 /console/rx))
    (pad 49 smd rect (at 0.2 7.7 90) (size 1 0.2) (layers F.Cu F.Paste F.Mask)
      (net 27 /console/tx))
    (pad 50 smd rect (at 0.6 7.7 90) (size 1 0.2) (layers F.Cu F.Paste F.Mask)
      (net 2 +3V3))
    (pad 51 smd rect (at 1 7.7 90) (size 1 0.2) (layers F.Cu F.Paste F.Mask)
      (net 1 +1V2))
    (pad 52 smd rect (at 1.4 7.7 90) (size 1 0.2) (layers F.Cu F.Paste F.Mask)
      (net 17 /spi_miso))
    (pad 53 smd rect (at 1.8 7.7 90) (size 1 0.2) (layers F.Cu F.Paste F.Mask)
      (net 18 /spi_clk))
    (pad 54 smd rect (at 2.2 7.7 90) (size 1 0.2) (layers F.Cu F.Paste F.Mask)
      (net 19 /~spi_cs))
    (pad 55 smd rect (at 2.6 7.7 90) (size 1 0.2) (layers F.Cu F.Paste F.Mask)
      (net 20 /spi_mosi))
    (pad 56 smd rect (at 3 7.7 90) (size 1 0.2) (layers F.Cu F.Paste F.Mask)
      (net 1 +1V2))
    (pad 57 smd rect (at 3.4 7.7 90) (size 1 0.2) (layers F.Cu F.Paste F.Mask)
      (net 2 +3V3))
    (pad 58 smd rect (at 3.8 7.7 90) (size 1 0.2) (layers F.Cu F.Paste F.Mask)
      (net 1 +1V2))
    (pad 59 smd rect (at 4.2 7.7 90) (size 1 0.2) (layers F.Cu F.Paste F.Mask)
      (net 3 +1V8))
    (pad 60 smd rect (at 4.6 7.7 90) (size 1 0.2) (layers F.Cu F.Paste F.Mask)
      (net 3 +1V8))
    (pad 61 smd rect (at 5 7.7 90) (size 1 0.2) (layers F.Cu F.Paste F.Mask)
      (net 3 +1V8))
    (pad 62 smd rect (at 5.4 7.7 90) (size 1 0.2) (layers F.Cu F.Paste F.Mask)
      (net 3 +1V8))
    (pad 63 smd rect (at 5.8 7.7 90) (size 1 0.2) (layers F.Cu F.Paste F.Mask)
      (net 4 "Net-(C1-Pad2)"))
    (pad 64 smd rect (at 6.2 7.7 90) (size 1 0.2) (layers F.Cu F.Paste F.Mask)
      (net 1 +1V2))
    (pad 65 smd rect (at 7.7 6.2) (size 1 0.2) (layers F.Cu F.Paste F.Mask)
      (net 3 +1V8))
    (pad 66 smd rect (at 7.7 5.8) (size 1 0.2) (layers F.Cu F.Paste F.Mask)
      (net 3 +1V8))
    (pad 67 smd rect (at 7.7 5.4) (size 1 0.2) (layers F.Cu F.Paste F.Mask)
      (net 3 +1V8))
    (pad 68 smd rect (at 7.7 5) (size 1 0.2) (layers F.Cu F.Paste F.Mask)
      (net 3 +1V8))
    (pad 69 smd rect (at 7.7 4.6) (size 1 0.2) (layers F.Cu F.Paste F.Mask)
      (net 3 +1V8))
    (pad 70 smd rect (at 7.7 4.2) (size 1 0.2) (layers F.Cu F.Paste F.Mask)
      (net 3 +1V8))
    (pad 71 smd rect (at 7.7 3.8) (size 1 0.2) (layers F.Cu F.Paste F.Mask)
      (net 4 "Net-(C1-Pad2)"))
    (pad 72 smd rect (at 7.7 3.4) (size 1 0.2) (layers F.Cu F.Paste F.Mask)
      (net 3 +1V8))
    (pad 73 smd rect (at 7.7 3) (size 1 0.2) (layers F.Cu F.Paste F.Mask)
      (net 6 "Net-(R3-Pad1)"))
    (pad 74 smd rect (at 7.7 2.6) (size 1 0.2) (layers F.Cu F.Paste F.Mask)
      (net 9 "Net-(C6-Pad2)"))
    (pad 75 smd rect (at 7.7 2.2) (size 1 0.2) (layers F.Cu F.Paste F.Mask)
      (net 10 "Net-(C5-Pad2)"))
    (pad 76 smd rect (at 7.7 1.8) (size 1 0.2) (layers F.Cu F.Paste F.Mask)
      (net 7 +3.3VA))
    (pad 77 smd rect (at 7.7 1.4) (size 1 0.2) (layers F.Cu F.Paste F.Mask)
      (net 81 /ephy_link_led))
    (pad 78 smd rect (at 7.7 1) (size 1 0.2) (layers F.Cu F.Paste F.Mask)
      (net 82 /ephy_spd_led))
    (pad 79 smd rect (at 7.7 0.6) (size 1 0.2) (layers F.Cu F.Paste F.Mask)
      (net 3 +1V8))
    (pad 80 smd rect (at 7.7 0.2) (size 1 0.2) (layers F.Cu F.Paste F.Mask)
      (net 1 +1V2))
    (pad 81 smd rect (at 7.7 -0.2) (size 1 0.2) (layers F.Cu F.Paste F.Mask)
      (net 86 /csi-d0+))
    (pad 82 smd rect (at 7.7 -0.6) (size 1 0.2) (layers F.Cu F.Paste F.Mask)
      (net 87 /csi-d0-))
    (pad 83 smd rect (at 7.7 -1) (size 1 0.2) (layers F.Cu F.Paste F.Mask)
      (net 88 /csi-d1+))
    (pad 84 smd rect (at 7.7 -1.4) (size 1 0.2) (layers F.Cu F.Paste F.Mask)
      (net 89 /csi-d1-))
    (pad 85 smd rect (at 7.7 -1.8) (size 1 0.2) (layers F.Cu F.Paste F.Mask)
      (net 2 +3V3))
    (pad 86 smd rect (at 7.7 -2.2) (size 1 0.2) (layers F.Cu F.Paste F.Mask)
      (net 90 /csi-ck+))
    (pad 87 smd rect (at 7.7 -2.6) (size 1 0.2) (layers F.Cu F.Paste F.Mask)
      (net 91 /csi-ck-))
    (pad 88 smd rect (at 7.7 -3) (size 1 0.2) (layers F.Cu F.Paste F.Mask)
      (net 1 +1V2))
    (pad 89 smd rect (at 7.7 -3.4) (size 1 0.2) (layers F.Cu F.Paste F.Mask)
      (net 92 /ephy_rx-))
    (pad 90 smd rect (at 7.7 -3.8) (size 1 0.2) (layers F.Cu F.Paste F.Mask)
      (net 93 /ephy_rx+))
    (pad 91 smd rect (at 7.7 -4.2) (size 1 0.2) (layers F.Cu F.Paste F.Mask)
      (net 94 /ephy_tx-))
    (pad 92 smd rect (at 7.7 -4.6) (size 1 0.2) (layers F.Cu F.Paste F.Mask)
      (net 95 /ephy_tx+))
    (pad 93 smd rect (at 7.7 -5) (size 1 0.2) (layers F.Cu F.Paste F.Mask)
      (net 2 +3V3))
    (pad 94 smd rect (at 7.7 -5.4) (size 1 0.2) (layers F.Cu F.Paste F.Mask)
      (net 83 /ephy_rtx))
    (pad 95 smd rect (at 7.7 -5.8) (size 1 0.2) (layers F.Cu F.Paste F.Mask)
      (net 21 "Net-(C18-Pad2)"))
    (pad 96 smd rect (at 7.7 -6.2) (size 1 0.2) (layers F.Cu F.Paste F.Mask)
      (net 22 "Net-(C17-Pad2)"))
    (pad 97 smd rect (at 6.2 -7.7 90) (size 1 0.2) (layers F.Cu F.Paste F.Mask)
      (net 45 "Net-(C24-Pad1)"))
    (pad 98 smd rect (at 5.8 -7.7 90) (size 1 0.2) (layers F.Cu F.Paste F.Mask)
      (net 46 /vcc-rtc))
    (pad 99 smd rect (at 5.4 -7.7 90) (size 1 0.2) (layers F.Cu F.Paste F.Mask)
      (net 47 /~reset))
    (pad 100 smd rect (at 5 -7.7 90) (size 1 0.2) (layers F.Cu F.Paste F.Mask)
      (net 38 /pf6))
    (pad 101 smd rect (at 4.6 -7.7 90) (size 1 0.2) (layers F.Cu F.Paste F.Mask)
      (net 39 /pf5))
    (pad 102 smd rect (at 4.2 -7.7 90) (size 1 0.2) (layers F.Cu F.Paste F.Mask)
      (net 40 /pf4))
    (pad 103 smd rect (at 3.8 -7.7 90) (size 1 0.2) (layers F.Cu F.Paste F.Mask)
      (net 41 /pf3))
    (pad 104 smd rect (at 3.4 -7.7 90) (size 1 0.2) (layers F.Cu F.Paste F.Mask)
      (net 2 +3V3))
    (pad 105 smd rect (at 3 -7.7 90) (size 1 0.2) (layers F.Cu F.Paste F.Mask)
      (net 42 /pf2))
    (pad 106 smd rect (at 2.6 -7.7 90) (size 1 0.2) (layers F.Cu F.Paste F.Mask)
      (net 43 /pf1))
    (pad 107 smd rect (at 2.2 -7.7 90) (size 1 0.2) (layers F.Cu F.Paste F.Mask)
      (net 44 /pf0))
    (pad 108 smd rect (at 1.8 -7.7 90) (size 1 0.2) (layers F.Cu F.Paste F.Mask)
      (net 1 +1V2))
    (pad 109 smd rect (at 1.4 -7.7 90) (size 1 0.2) (layers F.Cu F.Paste F.Mask)
      (net 2 +3V3))
    (pad 110 smd rect (at 1 -7.7 90) (size 1 0.2) (layers F.Cu F.Paste F.Mask)
      (net 84 /usb-))
    (pad 111 smd rect (at 0.6 -7.7 90) (size 1 0.2) (layers F.Cu F.Paste F.Mask)
      (net 85 /usb+))
    (pad 112 smd rect (at 0.2 -7.7 90) (size 1 0.2) (layers F.Cu F.Paste F.Mask)
      (net 96 "Net-(U1-Pad112)"))
    (pad 113 smd rect (at -0.2 -7.7 90) (size 1 0.2) (layers F.Cu F.Paste F.Mask)
      (net 97 "Net-(U1-Pad113)"))
    (pad 114 smd rect (at -0.6 -7.7 90) (size 1 0.2) (layers F.Cu F.Paste F.Mask)
      (net 98 "Net-(U1-Pad114)"))
    (pad 115 smd rect (at -1 -7.7 90) (size 1 0.2) (layers F.Cu F.Paste F.Mask)
      (net 99 "Net-(U1-Pad115)"))
    (pad 116 smd rect (at -1.4 -7.7 90) (size 1 0.2) (layers F.Cu F.Paste F.Mask)
      (net 100 "Net-(U1-Pad116)"))
    (pad 117 smd rect (at -1.8 -7.7 90) (size 1 0.2) (layers F.Cu F.Paste F.Mask)
      (net 101 "Net-(U1-Pad117)"))
    (pad 118 smd rect (at -2.2 -7.7 90) (size 1 0.2) (layers F.Cu F.Paste F.Mask)
      (net 102 "Net-(U1-Pad118)"))
    (pad 119 smd rect (at -2.6 -7.7 90) (size 1 0.2) (layers F.Cu F.Paste F.Mask)
      (net 103 "Net-(U1-Pad119)"))
    (pad 120 smd rect (at -3 -7.7 90) (size 1 0.2) (layers F.Cu F.Paste F.Mask)
      (net 104 "Net-(U1-Pad120)"))
    (pad 121 smd rect (at -3.4 -7.7 90) (size 1 0.2) (layers F.Cu F.Paste F.Mask)
      (net 105 "Net-(U1-Pad121)"))
    (pad 122 smd rect (at -3.8 -7.7 90) (size 1 0.2) (layers F.Cu F.Paste F.Mask)
      (net 106 "Net-(U1-Pad122)"))
    (pad 123 smd rect (at -4.2 -7.7 90) (size 1 0.2) (layers F.Cu F.Paste F.Mask)
      (net 107 "Net-(U1-Pad123)"))
    (pad 124 smd rect (at -4.6 -7.7 90) (size 1 0.2) (layers F.Cu F.Paste F.Mask)
      (net 108 "Net-(U1-Pad124)"))
    (pad 125 smd rect (at -5 -7.7 90) (size 1 0.2) (layers F.Cu F.Paste F.Mask)
      (net 109 "Net-(U1-Pad125)"))
    (pad 126 smd rect (at -5.4 -7.7 90) (size 1 0.2) (layers F.Cu F.Paste F.Mask)
      (net 1 +1V2))
    (pad 127 smd rect (at -5.8 -7.7 90) (size 1 0.2) (layers F.Cu F.Paste F.Mask)
      (net 2 +3V3))
    (pad 128 smd rect (at -6.2 -7.7 90) (size 1 0.2) (layers F.Cu F.Paste F.Mask)
      (net 37 /pg5))
    (pad 129 thru_hole rect (at 0 0) (size 5 5) (drill 2.5) (layers *.Cu *.Mask)
      (net 5 GND))
    (model ${KISYS3DMOD}/Package_QFP.3dshapes/LQFP-128_14x14mm_P0.4mm.wrl
      (at (xyz 0 0 0))
      (scale (xyz 1 1 1))
      (rotate (xyz 0 0 0))
    )
  )

  (module Capacitor_SMD:C_0603_1608Metric (layer F.Cu) (tedit 5B912A7B) (tstamp 5BA10C3F)
    (at 162.15 134.6 90)
    (descr "Capacitor SMD 0603 (1608 Metric), square (rectangular) end terminal, IPC_7351 nominal, (Body size source: http://www.tortai-tech.com/upload/download/2011102023233369053.pdf), generated with kicad-footprint-generator")
    (tags capacitor)
    (path /5C25B874)
    (attr smd)
    (fp_text reference C47 (at 2.1 -0.7 180) (layer F.SilkS)
      (effects (font (size 1 1) (thickness 0.15)))
    )
    (fp_text value C (at 2 0.3 90) (layer F.Fab) hide
      (effects (font (size 1 1) (thickness 0.15)))
    )
    (fp_line (start -0.8 0.4) (end -0.8 -0.4) (layer F.Fab) (width 0.1))
    (fp_line (start -0.8 -0.4) (end 0.8 -0.4) (layer F.Fab) (width 0.1))
    (fp_line (start 0.8 -0.4) (end 0.8 0.4) (layer F.Fab) (width 0.1))
    (fp_line (start 0.8 0.4) (end -0.8 0.4) (layer F.Fab) (width 0.1))
    (fp_line (start -0.162779 -0.51) (end 0.162779 -0.51) (layer F.SilkS) (width 0.12))
    (fp_line (start -0.162779 0.51) (end 0.162779 0.51) (layer F.SilkS) (width 0.12))
    (fp_line (start -1.48 0.73) (end -1.48 -0.73) (layer F.CrtYd) (width 0.05))
    (fp_line (start -1.48 -0.73) (end 1.48 -0.73) (layer F.CrtYd) (width 0.05))
    (fp_line (start 1.48 -0.73) (end 1.48 0.73) (layer F.CrtYd) (width 0.05))
    (fp_line (start 1.48 0.73) (end -1.48 0.73) (layer F.CrtYd) (width 0.05))
    (fp_text user %R (at 0 0 90) (layer F.Fab)
      (effects (font (size 0.4 0.4) (thickness 0.06)))
    )
    (pad 1 smd roundrect (at -0.7875 0 90) (size 0.875 0.95) (layers F.Cu F.Paste F.Mask) (roundrect_rratio 0.25)
      (net 3 +1V8))
    (pad 2 smd roundrect (at 0.7875 0 90) (size 0.875 0.95) (layers F.Cu F.Paste F.Mask) (roundrect_rratio 0.25)
      (net 5 GND))
    (model ${KISYS3DMOD}/Capacitor_SMD.3dshapes/C_0603_1608Metric.wrl
      (at (xyz 0 0 0))
      (scale (xyz 1 1 1))
      (rotate (xyz 0 0 0))
    )
  )

  (module Capacitor_SMD:C_0603_1608Metric (layer F.Cu) (tedit 5B9122F3) (tstamp 5BA0EF77)
    (at 165.15 134.6 90)
    (descr "Capacitor SMD 0603 (1608 Metric), square (rectangular) end terminal, IPC_7351 nominal, (Body size source: http://www.tortai-tech.com/upload/download/2011102023233369053.pdf), generated with kicad-footprint-generator")
    (tags capacitor)
    (path /5C1A2DEF)
    (attr smd)
    (fp_text reference C45 (at 2.05 2.1 180) (layer F.SilkS)
      (effects (font (size 1 1) (thickness 0.15)))
    )
    (fp_text value C (at 0 1.43 90) (layer F.Fab) hide
      (effects (font (size 1 1) (thickness 0.15)))
    )
    (fp_line (start -0.8 0.4) (end -0.8 -0.4) (layer F.Fab) (width 0.1))
    (fp_line (start -0.8 -0.4) (end 0.8 -0.4) (layer F.Fab) (width 0.1))
    (fp_line (start 0.8 -0.4) (end 0.8 0.4) (layer F.Fab) (width 0.1))
    (fp_line (start 0.8 0.4) (end -0.8 0.4) (layer F.Fab) (width 0.1))
    (fp_line (start -0.162779 -0.51) (end 0.162779 -0.51) (layer F.SilkS) (width 0.12))
    (fp_line (start -0.162779 0.51) (end 0.162779 0.51) (layer F.SilkS) (width 0.12))
    (fp_line (start -1.48 0.73) (end -1.48 -0.73) (layer F.CrtYd) (width 0.05))
    (fp_line (start -1.48 -0.73) (end 1.48 -0.73) (layer F.CrtYd) (width 0.05))
    (fp_line (start 1.48 -0.73) (end 1.48 0.73) (layer F.CrtYd) (width 0.05))
    (fp_line (start 1.48 0.73) (end -1.48 0.73) (layer F.CrtYd) (width 0.05))
    (fp_text user %R (at 0 0 90) (layer F.Fab)
      (effects (font (size 0.4 0.4) (thickness 0.06)))
    )
    (pad 1 smd roundrect (at -0.7875 0 90) (size 0.875 0.95) (layers F.Cu F.Paste F.Mask) (roundrect_rratio 0.25)
      (net 3 +1V8))
    (pad 2 smd roundrect (at 0.7875 0 90) (size 0.875 0.95) (layers F.Cu F.Paste F.Mask) (roundrect_rratio 0.25)
      (net 5 GND))
    (model ${KISYS3DMOD}/Capacitor_SMD.3dshapes/C_0603_1608Metric.wrl
      (at (xyz 0 0 0))
      (scale (xyz 1 1 1))
      (rotate (xyz 0 0 0))
    )
  )

  (module Capacitor_SMD:C_0603_1608Metric (layer F.Cu) (tedit 5B91233D) (tstamp 5BA16094)
    (at 163.65 134.6 90)
    (descr "Capacitor SMD 0603 (1608 Metric), square (rectangular) end terminal, IPC_7351 nominal, (Body size source: http://www.tortai-tech.com/upload/download/2011102023233369053.pdf), generated with kicad-footprint-generator")
    (tags capacitor)
    (path /5C1A2EBA)
    (attr smd)
    (fp_text reference C46 (at 2.05 0.75 180) (layer F.SilkS)
      (effects (font (size 1 1) (thickness 0.15)))
    )
    (fp_text value C (at 0 1.43 90) (layer F.Fab) hide
      (effects (font (size 1 1) (thickness 0.15)))
    )
    (fp_text user %R (at 0 0 90) (layer F.Fab)
      (effects (font (size 0.4 0.4) (thickness 0.06)))
    )
    (fp_line (start 1.48 0.73) (end -1.48 0.73) (layer F.CrtYd) (width 0.05))
    (fp_line (start 1.48 -0.73) (end 1.48 0.73) (layer F.CrtYd) (width 0.05))
    (fp_line (start -1.48 -0.73) (end 1.48 -0.73) (layer F.CrtYd) (width 0.05))
    (fp_line (start -1.48 0.73) (end -1.48 -0.73) (layer F.CrtYd) (width 0.05))
    (fp_line (start -0.162779 0.51) (end 0.162779 0.51) (layer F.SilkS) (width 0.12))
    (fp_line (start -0.162779 -0.51) (end 0.162779 -0.51) (layer F.SilkS) (width 0.12))
    (fp_line (start 0.8 0.4) (end -0.8 0.4) (layer F.Fab) (width 0.1))
    (fp_line (start 0.8 -0.4) (end 0.8 0.4) (layer F.Fab) (width 0.1))
    (fp_line (start -0.8 -0.4) (end 0.8 -0.4) (layer F.Fab) (width 0.1))
    (fp_line (start -0.8 0.4) (end -0.8 -0.4) (layer F.Fab) (width 0.1))
    (pad 2 smd roundrect (at 0.7875 0 90) (size 0.875 0.95) (layers F.Cu F.Paste F.Mask) (roundrect_rratio 0.25)
      (net 5 GND))
    (pad 1 smd roundrect (at -0.7875 0 90) (size 0.875 0.95) (layers F.Cu F.Paste F.Mask) (roundrect_rratio 0.25)
      (net 3 +1V8))
    (model ${KISYS3DMOD}/Capacitor_SMD.3dshapes/C_0603_1608Metric.wrl
      (at (xyz 0 0 0))
      (scale (xyz 1 1 1))
      (rotate (xyz 0 0 0))
    )
  )

  (module Capacitor_SMD:C_0603_1608Metric (layer F.Cu) (tedit 5B912328) (tstamp 5BA0EC55)
    (at 164.4 126.95 90)
    (descr "Capacitor SMD 0603 (1608 Metric), square (rectangular) end terminal, IPC_7351 nominal, (Body size source: http://www.tortai-tech.com/upload/download/2011102023233369053.pdf), generated with kicad-footprint-generator")
    (tags capacitor)
    (path /5B9311C2)
    (attr smd)
    (fp_text reference C5 (at 0 1.4 90) (layer F.SilkS)
      (effects (font (size 1 1) (thickness 0.15)))
    )
    (fp_text value C (at 0 1.43 90) (layer F.Fab) hide
      (effects (font (size 1 1) (thickness 0.15)))
    )
    (fp_line (start -0.8 0.4) (end -0.8 -0.4) (layer F.Fab) (width 0.1))
    (fp_line (start -0.8 -0.4) (end 0.8 -0.4) (layer F.Fab) (width 0.1))
    (fp_line (start 0.8 -0.4) (end 0.8 0.4) (layer F.Fab) (width 0.1))
    (fp_line (start 0.8 0.4) (end -0.8 0.4) (layer F.Fab) (width 0.1))
    (fp_line (start -0.162779 -0.51) (end 0.162779 -0.51) (layer F.SilkS) (width 0.12))
    (fp_line (start -0.162779 0.51) (end 0.162779 0.51) (layer F.SilkS) (width 0.12))
    (fp_line (start -1.48 0.73) (end -1.48 -0.73) (layer F.CrtYd) (width 0.05))
    (fp_line (start -1.48 -0.73) (end 1.48 -0.73) (layer F.CrtYd) (width 0.05))
    (fp_line (start 1.48 -0.73) (end 1.48 0.73) (layer F.CrtYd) (width 0.05))
    (fp_line (start 1.48 0.73) (end -1.48 0.73) (layer F.CrtYd) (width 0.05))
    (fp_text user %R (at 0 0 90) (layer F.Fab)
      (effects (font (size 0.4 0.4) (thickness 0.06)))
    )
    (pad 1 smd roundrect (at -0.7875 0 90) (size 0.875 0.95) (layers F.Cu F.Paste F.Mask) (roundrect_rratio 0.25)
      (net 5 GND))
    (pad 2 smd roundrect (at 0.7875 0 90) (size 0.875 0.95) (layers F.Cu F.Paste F.Mask) (roundrect_rratio 0.25)
      (net 10 "Net-(C5-Pad2)"))
    (model ${KISYS3DMOD}/Capacitor_SMD.3dshapes/C_0603_1608Metric.wrl
      (at (xyz 0 0 0))
      (scale (xyz 1 1 1))
      (rotate (xyz 0 0 0))
    )
  )

  (module Capacitor_SMD:C_0603_1608Metric (layer F.Cu) (tedit 5B8ED87A) (tstamp 5B9EC94B)
    (at 152.8 137.85)
    (descr "Capacitor SMD 0603 (1608 Metric), square (rectangular) end terminal, IPC_7351 nominal, (Body size source: http://www.tortai-tech.com/upload/download/2011102023233369053.pdf), generated with kicad-footprint-generator")
    (tags capacitor)
    (path /5B902AD1)
    (attr smd)
    (fp_text reference C1 (at -2.4 0) (layer F.SilkS)
      (effects (font (size 1 1) (thickness 0.15)))
    )
    (fp_text value C (at -2 1.3) (layer F.Fab) hide
      (effects (font (size 1 1) (thickness 0.15)))
    )
    (fp_line (start -0.8 0.4) (end -0.8 -0.4) (layer F.Fab) (width 0.1))
    (fp_line (start -0.8 -0.4) (end 0.8 -0.4) (layer F.Fab) (width 0.1))
    (fp_line (start 0.8 -0.4) (end 0.8 0.4) (layer F.Fab) (width 0.1))
    (fp_line (start 0.8 0.4) (end -0.8 0.4) (layer F.Fab) (width 0.1))
    (fp_line (start -0.162779 -0.51) (end 0.162779 -0.51) (layer F.SilkS) (width 0.12))
    (fp_line (start -0.162779 0.51) (end 0.162779 0.51) (layer F.SilkS) (width 0.12))
    (fp_line (start -1.48 0.73) (end -1.48 -0.73) (layer F.CrtYd) (width 0.05))
    (fp_line (start -1.48 -0.73) (end 1.48 -0.73) (layer F.CrtYd) (width 0.05))
    (fp_line (start 1.48 -0.73) (end 1.48 0.73) (layer F.CrtYd) (width 0.05))
    (fp_line (start 1.48 0.73) (end -1.48 0.73) (layer F.CrtYd) (width 0.05))
    (fp_text user %R (at 0 0) (layer F.Fab)
      (effects (font (size 0.4 0.4) (thickness 0.06)))
    )
    (pad 1 smd roundrect (at -0.7875 0) (size 0.875 0.95) (layers F.Cu F.Paste F.Mask) (roundrect_rratio 0.25)
      (net 3 +1V8))
    (pad 2 smd roundrect (at 0.7875 0) (size 0.875 0.95) (layers F.Cu F.Paste F.Mask) (roundrect_rratio 0.25)
      (net 4 "Net-(C1-Pad2)"))
    (model ${KISYS3DMOD}/Capacitor_SMD.3dshapes/C_0603_1608Metric.wrl
      (at (xyz 0 0 0))
      (scale (xyz 1 1 1))
      (rotate (xyz 0 0 0))
    )
  )

  (module Capacitor_SMD:C_0603_1608Metric (layer F.Cu) (tedit 5B911987) (tstamp 5BA0512F)
    (at 158.25 126.75)
    (descr "Capacitor SMD 0603 (1608 Metric), square (rectangular) end terminal, IPC_7351 nominal, (Body size source: http://www.tortai-tech.com/upload/download/2011102023233369053.pdf), generated with kicad-footprint-generator")
    (tags capacitor)
    (path /5C042343)
    (attr smd)
    (fp_text reference C41 (at 0 -1.43) (layer F.SilkS) hide
      (effects (font (size 1 1) (thickness 0.15)))
    )
    (fp_text value C (at 0 1.43) (layer F.Fab) hide
      (effects (font (size 1 1) (thickness 0.15)))
    )
    (fp_text user %R (at 0 0) (layer F.Fab)
      (effects (font (size 0.4 0.4) (thickness 0.06)))
    )
    (fp_line (start 1.48 0.73) (end -1.48 0.73) (layer F.CrtYd) (width 0.05))
    (fp_line (start 1.48 -0.73) (end 1.48 0.73) (layer F.CrtYd) (width 0.05))
    (fp_line (start -1.48 -0.73) (end 1.48 -0.73) (layer F.CrtYd) (width 0.05))
    (fp_line (start -1.48 0.73) (end -1.48 -0.73) (layer F.CrtYd) (width 0.05))
    (fp_line (start -0.162779 0.51) (end 0.162779 0.51) (layer F.SilkS) (width 0.12))
    (fp_line (start -0.162779 -0.51) (end 0.162779 -0.51) (layer F.SilkS) (width 0.12))
    (fp_line (start 0.8 0.4) (end -0.8 0.4) (layer F.Fab) (width 0.1))
    (fp_line (start 0.8 -0.4) (end 0.8 0.4) (layer F.Fab) (width 0.1))
    (fp_line (start -0.8 -0.4) (end 0.8 -0.4) (layer F.Fab) (width 0.1))
    (fp_line (start -0.8 0.4) (end -0.8 -0.4) (layer F.Fab) (width 0.1))
    (pad 2 smd roundrect (at 0.7875 0) (size 0.875 0.95) (layers F.Cu F.Paste F.Mask) (roundrect_rratio 0.25)
      (net 5 GND))
    (pad 1 smd roundrect (at -0.7875 0) (size 0.875 0.95) (layers F.Cu F.Paste F.Mask) (roundrect_rratio 0.25)
      (net 3 +1V8))
    (model ${KISYS3DMOD}/Capacitor_SMD.3dshapes/C_0603_1608Metric.wrl
      (at (xyz 0 0 0))
      (scale (xyz 1 1 1))
      (rotate (xyz 0 0 0))
    )
  )

  (module Capacitor_SMD:C_0603_1608Metric (layer F.Cu) (tedit 5B9118FA) (tstamp 5BA0511E)
    (at 158.2125 131.7)
    (descr "Capacitor SMD 0603 (1608 Metric), square (rectangular) end terminal, IPC_7351 nominal, (Body size source: http://www.tortai-tech.com/upload/download/2011102023233369053.pdf), generated with kicad-footprint-generator")
    (tags capacitor)
    (path /5C098419)
    (attr smd)
    (fp_text reference C42 (at 0.3875 6.4) (layer F.SilkS)
      (effects (font (size 1 1) (thickness 0.15)))
    )
    (fp_text value C (at 0 1.43) (layer F.Fab) hide
      (effects (font (size 1 1) (thickness 0.15)))
    )
    (fp_line (start -0.8 0.4) (end -0.8 -0.4) (layer F.Fab) (width 0.1))
    (fp_line (start -0.8 -0.4) (end 0.8 -0.4) (layer F.Fab) (width 0.1))
    (fp_line (start 0.8 -0.4) (end 0.8 0.4) (layer F.Fab) (width 0.1))
    (fp_line (start 0.8 0.4) (end -0.8 0.4) (layer F.Fab) (width 0.1))
    (fp_line (start -0.162779 -0.51) (end 0.162779 -0.51) (layer F.SilkS) (width 0.12))
    (fp_line (start -0.162779 0.51) (end 0.162779 0.51) (layer F.SilkS) (width 0.12))
    (fp_line (start -1.48 0.73) (end -1.48 -0.73) (layer F.CrtYd) (width 0.05))
    (fp_line (start -1.48 -0.73) (end 1.48 -0.73) (layer F.CrtYd) (width 0.05))
    (fp_line (start 1.48 -0.73) (end 1.48 0.73) (layer F.CrtYd) (width 0.05))
    (fp_line (start 1.48 0.73) (end -1.48 0.73) (layer F.CrtYd) (width 0.05))
    (fp_text user %R (at 0 0) (layer F.Fab)
      (effects (font (size 0.4 0.4) (thickness 0.06)))
    )
    (pad 1 smd roundrect (at -0.7875 0) (size 0.875 0.95) (layers F.Cu F.Paste F.Mask) (roundrect_rratio 0.25)
      (net 3 +1V8))
    (pad 2 smd roundrect (at 0.7875 0) (size 0.875 0.95) (layers F.Cu F.Paste F.Mask) (roundrect_rratio 0.25)
      (net 5 GND))
    (model ${KISYS3DMOD}/Capacitor_SMD.3dshapes/C_0603_1608Metric.wrl
      (at (xyz 0 0 0))
      (scale (xyz 1 1 1))
      (rotate (xyz 0 0 0))
    )
  )

  (module Capacitor_SMD:C_0603_1608Metric (layer F.Cu) (tedit 5B91142F) (tstamp 5BA0510D)
    (at 158.2 134.8)
    (descr "Capacitor SMD 0603 (1608 Metric), square (rectangular) end terminal, IPC_7351 nominal, (Body size source: http://www.tortai-tech.com/upload/download/2011102023233369053.pdf), generated with kicad-footprint-generator")
    (tags capacitor)
    (path /5C09852F)
    (attr smd)
    (fp_text reference C43 (at 0.5 6.1) (layer F.SilkS)
      (effects (font (size 1 1) (thickness 0.15)))
    )
    (fp_text value C (at 0 1.43) (layer F.Fab) hide
      (effects (font (size 1 1) (thickness 0.15)))
    )
    (fp_text user %R (at 0 0) (layer F.Fab)
      (effects (font (size 0.4 0.4) (thickness 0.06)))
    )
    (fp_line (start 1.48 0.73) (end -1.48 0.73) (layer F.CrtYd) (width 0.05))
    (fp_line (start 1.48 -0.73) (end 1.48 0.73) (layer F.CrtYd) (width 0.05))
    (fp_line (start -1.48 -0.73) (end 1.48 -0.73) (layer F.CrtYd) (width 0.05))
    (fp_line (start -1.48 0.73) (end -1.48 -0.73) (layer F.CrtYd) (width 0.05))
    (fp_line (start -0.162779 0.51) (end 0.162779 0.51) (layer F.SilkS) (width 0.12))
    (fp_line (start -0.162779 -0.51) (end 0.162779 -0.51) (layer F.SilkS) (width 0.12))
    (fp_line (start 0.8 0.4) (end -0.8 0.4) (layer F.Fab) (width 0.1))
    (fp_line (start 0.8 -0.4) (end 0.8 0.4) (layer F.Fab) (width 0.1))
    (fp_line (start -0.8 -0.4) (end 0.8 -0.4) (layer F.Fab) (width 0.1))
    (fp_line (start -0.8 0.4) (end -0.8 -0.4) (layer F.Fab) (width 0.1))
    (pad 2 smd roundrect (at 0.7875 0) (size 0.875 0.95) (layers F.Cu F.Paste F.Mask) (roundrect_rratio 0.25)
      (net 5 GND))
    (pad 1 smd roundrect (at -0.7875 0) (size 0.875 0.95) (layers F.Cu F.Paste F.Mask) (roundrect_rratio 0.25)
      (net 3 +1V8))
    (model ${KISYS3DMOD}/Capacitor_SMD.3dshapes/C_0603_1608Metric.wrl
      (at (xyz 0 0 0))
      (scale (xyz 1 1 1))
      (rotate (xyz 0 0 0))
    )
  )

  (module Capacitor_SMD:C_0603_1608Metric (layer F.Cu) (tedit 5B911404) (tstamp 5BA050FC)
    (at 158.2 133.25)
    (descr "Capacitor SMD 0603 (1608 Metric), square (rectangular) end terminal, IPC_7351 nominal, (Body size source: http://www.tortai-tech.com/upload/download/2011102023233369053.pdf), generated with kicad-footprint-generator")
    (tags capacitor)
    (path /5C09866C)
    (attr smd)
    (fp_text reference C44 (at 0.5 6.3) (layer F.SilkS)
      (effects (font (size 1 1) (thickness 0.15)))
    )
    (fp_text value C (at 0 1.43) (layer F.Fab) hide
      (effects (font (size 1 1) (thickness 0.15)))
    )
    (fp_line (start -0.8 0.4) (end -0.8 -0.4) (layer F.Fab) (width 0.1))
    (fp_line (start -0.8 -0.4) (end 0.8 -0.4) (layer F.Fab) (width 0.1))
    (fp_line (start 0.8 -0.4) (end 0.8 0.4) (layer F.Fab) (width 0.1))
    (fp_line (start 0.8 0.4) (end -0.8 0.4) (layer F.Fab) (width 0.1))
    (fp_line (start -0.162779 -0.51) (end 0.162779 -0.51) (layer F.SilkS) (width 0.12))
